0.0,13.644647129186604,13.759617412856617,12.86125247035573,9.476618358624894,13.652295008912656,13.249354017464132,13.789933166248955,7.821302294197031,11.791590578577583,9.75607573684865,5.797781311889807,11.873075546007877,9.60657540454533,11.920782304941527,5.886820499524673,9.716651660664265,11.76972019509333,5.792142665747479,9.73018386622047,7.944230769230769,7.685840634643402,5.114861289861289,7.621615782591393,9.85727599520703,13.68721230660921,9.665038425097379,11.811021835835536,7.923076923076923,9.820398189609513,9.674353490053056,7.784809808092592,11.850003571556126,9.865767772576715,5.650873946841688,7.543631156449748,11.751633539946233,7.86801278660626,9.790311078958247,7.45742518351214,9.537748459587705,9.197230090244384,4.821160546546894,11.771136204607384,5.689079322767011,5.8955319009133325,7.791595590114995,6.483245978581628,11.371129110778021,9.751000816993464,5.675561662954102,7.5208780350084705,9.476121517753684,13.629256644518271,5.854044477028348,7.825460427085814,5.780481394163375,7.778504445256363,11.860374149659863,7.634330093177154,9.141641746411482,5.54972723154453,5.573231298789108,11.695346320346319,13.032573212999202,5.792566448118855,7.728700938719239,7.651632341723875,7.753173675048675,9.571861700150354,7.642690691263346,11.69915766720477,7.8217592592592595,5.838560606060606,6.824474474474474,9.823333214637563,9.367525069378296,7.8675627338762935,9.864499266324284,5.938323917137477,7.668417366946779,7.363075152541637,7.750862663906142,7.853571428571429,7.717924347158219,7.424389217867478,7.5725236475236475,7.71336891879292,5.795142626324354,5.6608362826723075,5.868692983099763,5.6898948258548705,9.698591615610525,5.89,7.810226637603399,5.732463992997533,9.526548936699415,5.736404804514919,5.430005076052082,5.867888563049854
13.644647129186604,0.0,11.33924232588272,9.58500447134391,11.59569049155256,9.438109756097562,11.652307827507721,9.673320547641016,12.88864168618267,10.745329208480829,14.728398083398083,13.868983355825462,10.649569313248557,13.726662620009787,14.605529188503326,13.795006844545728,11.867052881758765,10.583096048885523,13.85904619776029,11.792843915343916,12.686692905153906,12.653461119116784,13.548590061580567,12.775849586288416,11.651984126984127,9.543689836149513,11.707898272326585,10.240820802005013,15.869574318666775,11.924019879394121,11.274911779888896,12.68649202452394,10.729116747574757,13.899358409824803,13.711430791916149,14.770649134556479,10.829915845648603,12.765448603683897,11.835416666666667,12.690126484642224,11.293695295941017,11.79823999758006,13.756344876660341,10.540498514218537,13.82280707527418,13.81750575506895,12.611715232770988,14.893622361364297,15.631097245504025,13.694764194066602,13.905412711762587,12.482744597342412,11.680116847873851,8.388398356257829,13.961384335154827,12.68743729527138,13.818849206349206,12.816462288602345,10.8826186052273,12.442639336304664,11.781403814602132,13.890756302521009,13.865788333530269,13.634109879584019,11.31524082995857,13.78189763581489,12.393665806494754,14.713603598816924,14.006020402605593,11.865653046140851,14.772400475341652,10.736837261874866,15.742320261437909,13.56135099143992,12.646434809556007,13.681167972926268,16.586828249818446,15.843930132107404,11.628295712224283,13.835002587991719,12.784344879793116,12.85539558480735,12.908578329882678,15.928711493070265,12.569663915668603,12.728736239029,12.464308106053519,12.87068058738959,13.411330049261084,13.785862575234292,13.822308364561886,13.92262343404569,11.590432785644628,13.9555023923445,12.73008869779985,13.863771645021645,11.580168724381249,13.776545618900558,13.901693880507441,13.79625622869132
13.759617412856617,11.33924232588272,0.0,11.474681934323575,13.638677216539175,11.730175748659777,11.670986626483113,11.74636213470173,12.75691234869126,12.557103287747543,14.631380626651667,13.676838952178933,12.625720783904928,13.721347549717997,12.679085246326395,13.739388870302218,13.320725534505712,12.366928758884779,13.7915480411806,12.990648278551504,12.847202724176409,12.815911306042885,13.858993830090174,12.523773632995232,13.632445887445888,11.74335347125821,13.82110908689334,12.6597155825474,15.899574694311537,13.708887006713095,12.988496133461231,12.776034459297817,12.595764384962463,13.767773111424084,13.79775306276743,14.79863262574106,12.727631240019974,12.826860375911009,13.773631996658313,12.847944997411563,13.617263959019489,13.66782039273822,13.77802514945372,12.681869808829722,13.855185176421832,13.840674837930942,12.868321874204227,14.833385041253003,13.615806652792322,11.790891127238579,13.732338732594487,12.511826330276143,13.74459688858441,11.75978745868471,13.860535560541216,12.818189856239393,13.63510952067376,12.713935149817502,12.773387219805626,12.48303980443697,13.549810517316498,13.70512203394922,13.805405117029498,13.71712292931245,11.57616608507564,13.830071907706163,12.827576547860524,12.820340873826668,12.551670324211308,13.588841421564917,14.549494148409241,12.742820204323364,15.62453203252839,13.831789512731984,12.70443756033406,11.888235046450056,14.261711243910412,15.7088884315997,13.74764856459309,13.91231884057971,12.815764998377023,12.602195436305436,12.532517221486987,15.871783868586194,12.81948314564588,12.816411220526433,12.125024322059566,12.874275798767847,13.864284213054706,13.805179051412274,13.71033813021193,13.747525449786403,13.330990622443682,13.74791591156216,12.475244161535667,13.567950124992379,13.52501211138476,13.866181216445113,13.811284110197153,13.828744843865811
12.86125247035573,9.58500447134391,11.474681934323575,0.0,11.718613711126272,9.706464213130879,11.340488654139207,9.644932859673242,12.790496019217356,10.771399072853741,14.70889226581291,13.817071842153046,10.843758929614742,13.273084468897276,14.776360816317395,13.921206140350877,11.637394416931407,10.771939049425477,13.749517350928642,11.71129467198641,12.859911158493247,12.764358278451887,13.420376587767892,12.691561554719328,11.84259109311741,9.514530580646875,11.762089947089947,10.748897358382136,15.962962962962962,11.685126929317908,11.773518514032455,12.800951777019062,10.725836111832843,13.854425619832572,13.83015863565399,14.717197057684864,10.582037524724178,12.827426726279185,11.76200692124273,12.333574879227054,11.676586925345926,11.360261947170113,13.722596598218635,10.83073443458072,13.801953153309853,13.871531822679845,12.578163941049255,14.749723289763569,15.454432539396171,13.69439246939247,13.813447545462672,12.747933415790559,10.734726823875747,9.503987629628043,13.88702229530396,12.812052539160973,13.756626209921356,12.83441910492885,10.805855692596198,12.714139194139195,11.353620148889568,13.666662787087219,13.837306259762105,13.682184322972818,10.858018912197302,13.800128685657171,12.804606304706658,14.6260703677831,14.676196696385375,11.440049789319708,14.67164175203346,10.604840476051425,15.795440837841678,13.75242346115716,12.288336027612004,13.673627637535187,16.506303546056106,15.825327336597828,11.712651160616721,13.913978494623656,12.731999306999308,12.239418198714084,12.631842062475865,15.872177985948479,12.773046680313806,12.075468975468976,12.713284484367911,12.826191204043369,13.796219468057464,13.76223180685206,13.811412443765384,13.790511753809627,11.656022793928729,13.92529411764706,12.774818394320112,13.662825125556338,11.582916324856441,13.833697871750907,13.642605141951073,13.751662838310196
9.476618358624894,11.59569049155256,13.638677216539175,11.718613711126272,0.0,11.583192323050813,13.545930567630013,11.856746031746031,8.686821080242888,9.726032599783988,10.719345981886967,9.857972582972582,9.780781996062585,9.753847167325429,11.671590578736243,9.77662141779789,7.718641871236203,9.771368778280543,9.79415448283373,7.471731947538714,8.85994623655914,8.726652252768002,9.741927645477794,8.717140823628748,7.7742410044977515,11.508233332077335,7.856405299515414,9.740540505086525,11.893542647828362,7.6876274548245185,7.442212111193297,8.845774294987109,9.71111709776306,9.860972737443324,9.453247134254,10.38549059482041,9.750005589656539,8.896068796068796,7.751045069099342,8.775436829605095,7.4929580532942754,7.593877200465161,9.645305889710482,9.563913392775872,9.722578763427153,9.87726370851371,8.790798121342975,10.628515502199713,11.648421173992581,9.605345742249959,9.724030218147865,8.73594772934601,7.6723387926752356,11.713646343885978,9.876465201465201,8.681537892513152,9.629460252935862,8.70414781529919,9.725613586604966,8.613415613742138,7.779997039336915,9.726395614743073,9.790938024748765,9.687532814458713,11.671789134562403,9.784518042421908,8.579723149173788,10.727170509229332,10.680822003541067,7.688205575938793,10.645497817647058,9.788227111030071,11.729945562571936,9.694597507755402,8.747488719810566,9.800271917597401,12.609639605641776,11.830553262124221,7.709075314602819,9.8776560790395,8.621109618935707,8.813243770439907,8.85320512820513,11.873504549036465,8.538545487094815,8.748072683196973,8.814652231803965,8.714830550586363,9.812056737588652,9.745151589185165,9.742348902339764,9.684232502651113,7.660477791543969,9.830242843470783,8.649264854923423,9.71906718176693,7.559089593902909,9.780579477381185,9.797060336161957,9.736275785617892
13.652295008912656,9.438109756097562,11.730175748659777,9.706464213130879,11.583192323050813,0.0,11.66554914322495,9.678784758171783,12.808908940126582,10.723863869225012,14.648431203252397,13.733400396954615,10.85873242699406,13.73138888888889,14.73078178572446,13.873376623376624,11.69192758584103,10.829758180020773,13.890390019107564,11.455482625327567,12.808166127556806,12.538798629531387,13.867831062043585,12.814320311683957,11.875508694043656,9.143199501082426,11.797414759256863,10.65527594775779,15.951190476190476,11.726625570375571,11.676992024775704,12.888499732484696,10.705106725035971,13.910612052403097,13.81834488633394,14.660981240981242,10.684703399409281,12.838403621012317,11.68832671957672,12.856601731601732,11.56873341043252,11.787429417219482,13.609847060504384,10.625047855151657,13.759023030663286,13.84528605962933,12.751981904233975,14.523866423144861,15.666189855475569,13.739587975071846,13.688124274099884,12.712649242649242,11.656905387546868,8.729780887906744,13.919318181818182,12.73587903931793,13.714881340562833,12.569125874125874,10.611793605526302,12.601988444280533,11.845333945333945,13.760638345064175,13.778615800948803,12.869848901098901,11.600103918081926,13.523822362278246,12.744796176046176,14.649556737588654,14.68599878035094,11.674939809776873,14.567401259683868,10.754079619037434,15.765570769742784,13.938137412775095,12.80952824773664,13.767162362293341,16.00718918794581,15.851048376910446,11.764501202779963,13.848442446856627,12.747685116229952,12.775924026203981,12.866107948555767,15.916818642350558,12.733833842193512,12.741043316043317,12.79161437873644,12.85989941431118,13.793498043498044,13.788541666666667,13.774473656197795,13.806685910149083,11.61942529430619,13.935948361469713,12.677314369718552,13.813194444444445,11.761140670867668,13.648098330241188,13.804187704187704,13.858590027831502
13.249354017464132,11.652307827507721,11.670986626483113,11.340488654139207,13.545930567630013,11.66554914322495,0.0,11.777846532783295,12.866795618119642,12.800956365092931,14.630197049006151,13.786669799498748,12.906984949848919,13.602645249487356,12.859195575666163,13.789148841354724,13.818452380952381,12.733889673930767,13.816494014053065,13.730009630667936,12.89045709192768,12.632625085639102,13.248562582927908,12.786634013784147,13.43189942003135,11.508058498519025,13.545241043767145,12.605944807072628,15.957588357588357,13.76865843685624,13.752751221946268,12.908886776299298,12.716361035478682,11.808907684238132,13.800622488463235,14.60351570108425,12.710868898856077,12.712136322993329,13.731112675998244,12.32820210646394,13.583223396045168,13.242257097770883,13.749479925496226,12.714234481915934,13.654586188951514,13.827743485172938,12.749872196972285,14.68371237748287,13.675621784310657,13.575691687179301,13.804705882352941,12.746220220410162,13.43233132812695,11.6646194963573,13.88349445852029,12.84414688952504,13.823560606060607,12.631468892304806,12.607211538461538,12.70896035139615,12.900988247863248,13.766075744179192,13.378348909046483,13.661169531513313,11.17493105148343,13.533115568641886,12.878811352581845,14.655211990695483,14.693457584529826,13.775486225234268,12.691990846681923,12.697170257278952,15.2046460815944,13.779215717894964,12.293204290263114,13.764287153223096,16.33496441752085,15.702305605786618,13.611741217758956,13.771051761084983,12.020021645021645,12.757813519673102,12.738735708735707,15.928571428571429,12.749618483291009,12.467372237562168,12.819650635444667,12.72280603479902,13.80642825311943,13.542741935483871,13.834089310829816,13.718369468369469,13.7362218351533,13.786392273637931,12.801593800435766,13.833183790757683,12.840551092628221,13.724746533248345,13.822857142857142,13.767155874181578
13.789933166248955,9.673320547641016,11.74636213470173,9.644932859673242,11.856746031746031,9.678784758171783,11.777846532783295,0.0,12.899533799533799,10.73985164394547,14.72207419292775,13.95785270629991,10.801690068275262,13.72036359080971,14.36977821775363,13.839542932763273,11.892574595055413,10.587163860193431,13.596044876619771,11.802183784179483,12.671730081423576,12.817658234511537,13.898464033289478,12.783847044873509,11.684848346453204,9.788754612026391,11.919092288993607,10.763172471516503,15.917900641025641,11.874528301886793,11.74113000741982,12.663615484084085,10.704652139144343,13.866712916503046,13.777107296568126,14.74881185965265,10.707463376284705,12.852047198505122,11.768075695394437,12.843929800980948,11.741359207783464,11.791883621859103,13.760126199906145,10.766727195294829,13.90873475609756,13.653888950576246,12.768581367780452,14.864060946066555,15.756747636779416,13.754361529835126,13.772076114152416,12.78376515723134,11.891837179606963,9.711746690697689,13.803613094931162,12.656798005970755,13.929098128190585,12.737105234099724,10.834139500468902,12.86862315370406,11.837235437831291,13.9132326007326,13.84629871070549,13.636235674949765,11.650603864585584,13.911835620949626,12.751869765761889,14.751892188612322,14.654838605638622,11.609333210649002,14.73427275127468,10.531872785112661,15.72877551020408,13.888435629124213,12.742316472043363,13.664315014416303,16.742615480262607,15.867784679620833,11.1818620208742,13.80520505680744,12.873667010663915,12.754711811362114,12.151374152760546,15.941341991341991,12.858624481803457,12.825089126559714,12.839440166417283,12.808510200036867,13.913024722083955,13.844076655052264,13.888913235054648,13.830343278968709,11.721306013702435,13.84546134376438,12.738933556898736,13.864524455624858,11.696746998705763,13.84867540224683,13.290641141977547,13.811825203189676
7.821302294197031,12.88864168618267,12.75691234869126,12.790496019217356,8.686821080242888,12.808908940126582,12.866795618119642,12.899533799533799,0.0,10.836485797067969,8.708907349017705,7.923345027449333,10.755925114069214,8.83125597154812,10.790644105743564,7.876470588235295,8.839172123962253,10.800737234189999,7.913448721470944,8.69550349441454,6.882946718675963,6.810738296772147,7.801476131006627,6.811006899213586,8.875,12.759327829933635,8.849326078317675,10.902777777777779,9.966657404834677,8.533439982936063,8.845391014170334,6.911745827984595,10.846978021978021,8.829771908763506,7.832091600386673,8.780517762660619,10.873635420518509,6.9195215703836395,8.84093140187122,6.746879576802851,8.795639857886556,8.765087435103206,7.916916389197188,10.694522294082862,7.916533928002549,7.861269020770421,6.762238838452929,8.87778768956289,10.884868421052632,10.846197988933998,7.823272775585491,6.759992326847112,8.856711003022479,12.700360750360751,7.921016157858263,6.830528846153846,7.836752136752137,6.915360829646543,10.954557124518614,6.891134067197897,8.80576985738276,7.88525108570501,7.911510203232937,10.851122707147375,12.799226851076885,7.8325670498084285,6.672995875563788,8.869749005978043,8.830771362952405,8.84595166738024,8.782877069049718,10.814055841895696,9.806688074042007,7.916959706959707,6.791270542994681,10.827027362669206,10.756662387676508,9.818033152914289,8.81146017290078,7.9451754385964914,6.805883487418527,6.890440951053549,6.854380341880342,9.927012805645955,6.800254504733788,6.862173287705203,6.841104188921904,6.819469435697505,7.888376856118792,7.9263015680926125,7.91735348697374,7.852615299640983,8.758082042605697,7.907097288676236,6.711404936152976,7.832549569617469,8.788512383035275,7.88187566448436,7.846541241209723,7.888002364066194
11.791590578577583,10.745329208480829,12.557103287747543,10.771399072853741,9.726032599783988,10.723863869225012,12.800956365092931,10.73985164394547,10.836485797067969,0.0,12.571114982578397,11.716308678969252,8.52535514276315,11.82881915023776,12.617974447482574,11.752169740883831,9.843487973064846,8.73746302033853,11.802898899049431,9.725818192236996,10.695885834579627,10.459467152293978,11.816750928050173,10.934626103080596,9.878720682302772,10.770902994064759,9.830140692640693,8.753437680405716,13.937018709148164,9.708148461971192,9.706707853779877,10.851808143547274,8.199193030454111,11.830528167547211,11.760092776948863,12.803768795747091,8.738460785315532,10.88707633829585,9.767693414568415,10.80499853290551,8.531004034201178,9.827301948676443,11.74624981242133,8.685751823908271,11.863323341469794,11.867782217782217,10.802393634799381,12.834915317604477,13.766129093489504,11.842646548103637,11.648846544715447,10.86470722260196,9.71855561693968,10.836221003524342,11.925429170769297,10.722215423465423,11.772107110644818,10.79089394349523,8.891252955082741,10.62526431901432,9.762886131196666,11.86441313498792,11.842573099415205,11.744563851181498,12.630027828471768,11.763016979392884,10.797556698620529,12.764468787776343,12.372841784236087,9.758047070045436,12.664435336976322,8.663426441369257,13.671745851934169,11.844112270708015,10.765514124236393,11.300616328264947,14.508425347765677,13.829449217787634,9.615631455186413,11.858476236022865,10.66345544342686,10.815802874661571,10.922772787275829,13.85430647611157,10.505864669099964,10.742646915448477,10.677296960155392,10.810056117717409,11.862573633572422,11.812272258817764,11.897463002114165,11.882556496470954,9.489660351552935,11.853743079332702,10.66295088838388,11.841435374768707,9.75515873015873,11.847198879551822,11.856182403858949,11.849620579225842
9.75607573684865,14.728398083398083,14.631380626651667,14.70889226581291,10.719345981886967,14.648431203252397,14.630197049006151,14.72207419292775,8.708907349017705,12.571114982578397,0.0,9.72337790669367,12.526658870408871,10.7738826105602,12.651764205182367,9.600057707908164,10.664890349674833,12.739592840860176,9.764746087529593,10.662348118869858,8.701274124145622,8.772746014050362,9.772434428316782,8.793575207860922,10.728597922356139,14.65361871310746,10.779785274124896,12.830445969125215,9.91314760734869,10.506919698939669,10.654683546261458,8.589350994635142,12.502426409160156,10.824931846012465,9.728447288006112,8.718136243633422,12.627506943003795,8.838355974626467,10.791935609686913,8.768723404255319,10.530867098301309,10.789325724366709,9.784850811327534,12.702813136139195,9.780094537815128,9.795227386306845,8.764440511949148,8.854575163398692,10.727369486698304,10.775921537744951,9.280536557967423,8.675305861689704,10.737303686269291,14.640100724467638,9.80762393565768,8.6839842977774,9.830492709904474,8.749916503429427,12.656913745532671,8.58771413005693,10.775875139845727,9.795378916422717,9.712117049739257,8.747836637047163,14.639955623826593,9.73118809627489,8.762578586990351,10.51698007670295,10.593185299067652,10.51166546746904,8.75471226978709,12.74200938054626,7.660273279352227,9.814437518517673,8.74936033548768,10.741160585806695,10.57317924745775,7.83727904040404,10.566063532615088,9.713307964733577,8.785609535625904,8.60500116713352,8.74951801135033,9.818839983545866,8.679196726574473,8.761216619583555,8.709442223332777,8.57913860333215,9.785366193260929,9.770256410256412,9.243413868413867,9.840844693932103,10.654772094054078,9.873768823768824,8.65933985456204,9.678099696704347,10.675213519751335,9.665562960935011,9.733089861236314,9.745420612485612
5.797781311889807,13.868983355825462,13.676838952178933,13.817071842153046,9.857972582972582,13.733400396954615,13.786669799498748,13.95785270629991,7.923345027449333,11.716308678969252,9.72337790669367,0.0,11.718193459416863,9.791010478142635,11.838852655816424,5.8715566168327795,9.823320053413969,11.831166502918466,5.945619544390036,9.797270905911976,7.9283750548967955,7.843820347376098,5.874206349206349,7.836806289640592,9.931712962962962,13.913678385855995,9.84886583011583,11.862857142857143,7.919021739130434,9.877731844209706,9.80247905535752,7.857336037863421,11.717375734119127,9.893462453138572,5.864278679110319,7.904071037869518,11.726714440685937,7.920861090283756,9.922539327830274,7.904529957660017,9.805973872069073,9.874263586847691,5.870769980152671,11.901290009977258,5.863060428849902,5.85595390524968,7.857851851286354,6.94110441942335,11.752945678175037,9.896609195402299,5.896546205590963,7.875824175824176,9.83752093326081,13.860202252944188,5.774952678900047,7.869358218154783,5.858792779379335,7.736550377726848,11.892812722103766,7.746863722639035,9.883355930810634,5.871790006325111,5.7939947391970525,11.753229425573046,13.784211463641842,5.873961806467692,7.932807625462828,7.847891923619697,7.787925170068028,9.783782148433097,7.836082744957252,11.857518039187289,7.868689892401448,5.91609667122663,7.886236016780871,9.909825540791903,9.874852333773099,7.756220889069755,9.921969696969697,5.912044817927171,7.840515350877194,7.829940551252027,7.898223615464994,7.963924963924963,7.607974316487159,7.7987656179437,7.757081686429513,7.943726730714156,5.80100089100089,5.88524279517503,5.887941412520064,5.860602313136731,9.830827067669173,5.90449706571536,7.769630501773359,5.917872450622388,9.926420719122053,5.711604603347722,5.948717948717949,5.912688076108284
11.873075546007877,10.649569313248557,12.625720783904928,10.843758929614742,9.780781996062585,10.85873242699406,12.906984949848919,10.801690068275262,10.755925114069214,8.52535514276315,12.526658870408871,11.718193459416863,0.0,11.88954857517043,12.459555221457265,11.90699393199393,9.760770025425284,8.863380604684952,11.932972972972973,9.755644114921225,10.889422263131362,10.8801581027668,11.806069415081044,10.87477589235099,8.506895336686835,10.611795531136522,9.852193577566712,8.67650594779389,13.945494186046512,9.803804842368672,9.842013721520615,10.870059134765018,8.584032101840322,11.848514579130754,11.808569123534923,12.76107198580639,8.753284478034866,10.77228685139682,9.939620081411126,10.8253118440641,9.881382385730213,9.873201050755231,11.788511114133309,8.670043232021989,11.947368421052632,11.60579077093462,10.81825012706867,12.952380952380953,13.544421042206297,11.851125563499584,11.883317025440313,10.812798216276477,9.813805176305177,10.75849767769861,11.928229665071772,10.735395721935143,11.95407636738906,10.777003441204894,8.921398668677519,10.932564809707667,9.907567049808428,11.943667051964598,11.920819030121356,11.519356001964697,12.8111472056944,11.781732242075597,10.866014150943396,12.815865648571329,12.572947476737866,9.830139384201381,12.804363472784525,8.868319296572912,13.754717233530794,11.904659188955996,10.929933445334711,11.460045255238942,14.787308718413371,13.596153846153847,9.737715462996793,11.81844081844082,10.96923076923077,10.63973111718744,10.867966843713706,13.955882352941178,10.760234952115557,10.523340874811463,10.648584052997006,10.832217162040662,11.8015873015873,11.972222222222221,11.786013975424957,11.914407195013002,9.849415774374265,11.982456140350877,10.642206979801832,11.91260466507177,9.919008609246406,11.948717948717949,11.913488372093024,11.954333160352881
9.60657540454533,13.726662620009787,13.721347549717997,13.273084468897276,9.753847167325429,13.73138888888889,13.602645249487356,13.72036359080971,8.83125597154812,11.82881915023776,10.7738826105602,9.791010478142635,11.88954857517043,0.0,11.735812735957584,9.87057632002712,9.643792552005625,11.469192878767094,9.605464194524503,9.759776334776335,8.901211801896734,8.583067612382179,9.729260806218335,8.779770813155025,9.884321225031815,13.760426168034865,9.689106974973352,11.475566188653868,11.931205283434231,9.406782868298148,9.727839481976048,8.853177761153603,11.604399937841249,9.874348032242768,9.868594002896328,10.741130233403464,11.724664954130589,8.953176341730558,9.69143269083947,8.640954413552317,9.446707862321663,9.294213997150687,9.739894490792615,11.673693677008893,9.862171231473638,9.888229442970822,8.820747285874004,10.838023088023089,11.798081787585977,11.666106442577032,9.764997666198862,8.495338589981447,9.56364218323911,13.634396787781915,9.859273504273505,8.791020131685771,9.2610638317792,8.878233687565716,11.644579004505031,8.791305749446359,9.330172506065363,9.638235375968062,9.875872006124233,11.704527573512536,12.428025136770202,9.719486401232768,8.761613093854143,10.69718875502008,10.844175705255225,9.758204585852798,10.720624037076973,11.33291538242791,11.789262187088275,9.932938692718466,8.221397636444719,11.788236393594701,10.680186932278868,11.828497430392922,9.62561194559608,9.782018557018556,8.860523382311058,8.600230665909775,8.939061141698058,11.787982929020664,8.707866714825109,8.647150877278795,8.444903291153292,8.672634206891058,9.88053778268064,9.744786002069336,9.788153907167665,9.887840016643263,9.683851188995197,9.92368118424272,8.715612825365408,9.591243945030097,9.67170614303411,9.790047933457302,9.818372914383144,9.740522268429245
11.920782304941527,14.605529188503326,12.679085246326395,14.776360816317395,11.671590578736243,14.73078178572446,12.859195575666163,14.36977821775363,10.790644105743564,12.617974447482574,12.651764205182367,11.838852655816424,12.459555221457265,11.735812735957584,0.0,11.804778554778554,11.890821192747092,12.390347701943448,11.863786778193557,11.518431302304254,10.324174346827654,10.758200847906732,11.946649316851008,10.640658086516513,11.55380112530447,14.732622946012278,11.822174865134937,12.570597842138223,13.9296853625171,11.773531543052002,11.442093573393898,10.864192190787936,12.495414633830247,9.984126984126984,11.738219925778338,12.837900260689473,12.695559989931187,10.773384698103182,11.72660756017624,10.747329224578799,11.720908541045155,11.784392809620648,11.830338659962138,12.74947160119574,11.963588215822575,11.071219715956559,10.804144520035166,12.880952941730651,13.684097405676352,11.865632984054036,11.914448514448516,10.798985018152068,11.695301195978917,14.591135453464915,11.79216217572382,10.714255706596703,11.956306306306306,10.787901260332859,12.74686024921874,10.876126001657918,11.84821993887817,11.894489247311828,11.818318089430894,11.4470522986652,12.799730019084858,11.907970630802359,10.737466796769123,10.888435291732634,10.845133660665574,11.203913353162115,10.590971104447336,12.644813210433036,13.372796933458698,11.830382106244176,10.800995475113123,11.40419039045371,12.842748917748919,13.84056435486421,11.395927694176205,11.46944225571899,10.830815018315018,10.763024765931743,10.568533178510528,13.929529511369134,10.89462703962704,10.968148148148149,10.73847462183669,10.817296626008265,11.853535776136395,11.89101040916129,11.841846864428831,11.783507063112326,11.493920962786346,11.848153214774282,10.772709474793343,11.82644812426584,11.758191939173923,11.837506874553155,11.92933644542663,11.89181818181818
5.886820499524673,13.795006844545728,13.739388870302218,13.921206140350877,9.77662141779789,13.873376623376624,13.789148841354724,13.839542932763273,7.876470588235295,11.752169740883831,9.600057707908164,5.8715566168327795,11.90699393199393,9.87057632002712,11.804778554778554,0.0,9.810134554073588,11.800916188746758,5.916025641025641,9.747192490545181,7.938888888888889,7.8372295131236225,5.893334623822429,7.847003166831808,9.72555143269429,13.768549043549044,9.898329156223893,11.823344017094017,7.864795458015797,9.781854802853886,9.669953142096,7.562565419822904,11.716158821252078,9.941176470588236,5.691636632341724,7.94078947368421,11.868999547522225,7.912671159606333,9.821519288050728,7.839635854341736,9.471318666355431,9.896191553544494,5.866327555936316,11.739285714285714,5.949874686716792,5.857909568092829,7.8827375575343055,6.906645482177397,11.896728028584702,9.931043956043956,5.878850210970464,7.918181818181818,9.7519708232823,13.801890756302521,5.844743130227001,7.798029139429401,5.782663903889098,7.895737595737597,11.876636886369923,7.753135232393529,9.912121212121212,5.901889338731444,5.818390591977411,11.551514116575593,13.861627661817415,5.76270357082801,7.756912613530261,7.87625313283208,7.850751283764285,9.69867681498829,7.778363528363529,11.884807383405338,7.696323183484911,5.720010693640279,7.718378731691425,9.83977116270237,9.796595082477435,7.8852813852813854,9.334939026115498,5.680916565299654,7.787916347218673,7.845601851851852,7.800248591838495,7.951370468611848,7.878637123745819,7.829220779220779,7.8669124423963135,7.851465201465202,5.854756354756355,5.802032253141125,5.809767316017316,5.889044572606216,9.7912452216874,5.887871387871388,7.5473424021758895,5.848527924461766,9.836627194521931,5.907203389830508,5.924009324009324,5.760545935545935
9.716651660664265,11.867052881758765,13.320725534505712,11.637394416931407,7.718641871236203,11.69192758584103,13.818452380952381,11.892574595055413,8.839172123962253,9.843487973064846,10.664890349674833,9.823320053413969,9.760770025425284,9.643792552005625,11.890821192747092,9.810134554073588,0.0,9.794811898948629,9.840391693003511,7.032182574528793,8.907127619888294,8.816733595352016,9.75435606060606,8.805066390119068,7.714530555715852,11.81106821106821,7.89349593495935,9.51620389414507,11.867276422764228,7.803323785961274,7.789088796357402,8.809765411893071,9.718799737173327,9.832006603501846,9.853275789251398,10.766265277966804,9.525217324945586,8.873307965816231,7.82976467976468,8.852004652435687,7.566490198463571,7.596945976581146,9.355869324473975,9.825540279889406,9.740459782649115,9.913569511540526,8.824660422019829,10.732419598281666,11.577494681255487,9.722516172352908,9.897250496524329,8.711500275907056,7.535123774350117,11.850659000199123,9.711111111111112,8.871706600525805,9.780993955045362,8.81060606060606,9.437584161230475,8.76128295581039,7.733384475002122,9.59091908410036,9.838614861806594,9.554457744636316,11.50647072175134,9.890040474816491,8.786002886002887,10.813025260591075,10.423244375061948,7.630706988072151,10.717854746345795,9.744370978562156,11.762132003294612,9.840692176590247,8.69670745920746,9.77081795708845,12.481342741076718,11.81684562223376,7.868284862641491,9.931818181818182,8.923752733055059,8.66616069048,8.163113892968113,11.85341372930884,8.733757728383885,8.793335543766577,8.501729367983238,8.734047347815789,9.811660561660561,9.93735045742435,9.865154109589042,9.856590986793687,7.6535658566524125,9.945022771633052,8.616629947748217,9.727467443758428,7.740272176089482,9.738423762107974,9.864332068415553,9.760903536801923
11.76972019509333,10.583096048885523,12.366928758884779,10.771939049425477,9.771368778280543,10.829758180020773,12.733889673930767,10.587163860193431,10.800737234189999,8.73746302033853,12.739592840860176,11.831166502918466,8.863380604684952,11.469192878767094,12.390347701943448,11.800916188746758,9.794811898948629,0.0,11.855124002721258,9.62889280211314,10.633879781420767,10.763503455049282,11.927826620323042,10.810527144153905,9.879833844539728,10.852884067845705,9.783830252434903,8.890471887432374,13.8558352402746,9.777422003597579,9.74719865572592,10.784049470493235,8.93426724137931,11.853552474657125,11.849906629318394,12.780949576129343,8.723115006375178,10.861622807017543,9.86745623550625,10.79062735671108,9.744612395346435,9.718567255870216,11.835071806500377,8.694612530730936,11.894873949579832,11.804286226685797,10.812860618591102,12.893966842336408,13.568621615312793,11.88890809112333,11.83763542520678,10.757153092641962,9.78736962524276,10.70726619857976,11.913497954855325,10.74789930316303,11.900455927051672,10.852681108911629,8.845344830988802,10.824635888838294,9.73499836967383,11.793931185840378,11.809901738473167,11.824957566261915,12.341374460921788,11.899631816485119,10.750049270792275,12.854084478198063,12.743319838056681,9.704758947057083,12.605315990768968,8.775166806534525,13.556805133400877,11.797751450676984,10.616125575801036,11.918807523009203,14.5029107505071,13.731868566715075,9.757943309162822,11.930015299292407,10.798669944920356,10.856234629637683,10.928571428571429,13.856960535510684,10.75263480392157,10.794861311854868,10.622504022150128,10.778343105367092,11.889090909090909,11.847128782027006,11.904951690821257,11.85634087833369,9.537420634920634,11.791729502016196,10.713466253161911,11.816314935064934,9.775206830952325,11.825663306367323,11.836302942874932,11.886309901723475
5.792142665747479,13.85904619776029,13.7915480411806,13.749517350928642,9.79415448283373,13.890390019107564,13.816494014053065,13.596044876619771,7.913448721470944,11.802898899049431,9.764746087529593,5.945619544390036,11.932972972972973,9.605464194524503,11.863786778193557,5.916025641025641,9.840391693003511,11.855124002721258,0.0,9.556612602661007,7.762622743110548,7.816819386231151,5.935893980233603,7.772316757682913,9.874514966740577,13.689698007027918,9.89047619047619,11.785047662475844,7.943589743589744,9.793420513815251,9.825552807367064,7.837405669334804,11.848282388025464,9.830077943792034,5.759652939189861,7.852301744928359,11.79148106439773,7.893888082567328,9.838221671637674,7.860930735930736,9.799741536195555,9.706372296519577,5.739961244373009,11.891375808212072,5.770528548065456,5.752745751102212,7.773768610742737,6.694276962034487,11.717379295804342,9.698227910553886,5.674177136331991,7.608815554090952,9.895600671558265,13.785017307171007,5.897010869565217,7.712092885075101,5.665958901042935,7.8834179616285525,11.918061639549437,7.873525641025641,9.877596405884715,5.767176134728636,5.823668586831164,11.731875692537457,13.437183865832568,5.808130912252732,7.800777878719055,7.793166635365218,7.817004596710479,9.822650399246145,7.731032695374801,11.53857675970352,7.724749569089193,5.854453982549958,7.695912490030136,9.85433869612974,9.7802331002331,7.817772408045426,9.656006968004593,5.717410619519412,7.882606030227702,7.920158102766798,7.606666666666667,7.8880952380952385,7.755857588357588,7.827026488210699,7.767330623306234,7.8131580942347485,5.943650793650794,5.783677544479258,5.863095238095238,5.772873250780228,9.753642038855453,5.783513179641021,7.719439216178347,5.411519196091426,9.767605254112778,5.786931214335933,5.811043461043461,5.856706984853438
9.73018386622047,11.792843915343916,12.990648278551504,11.71129467198641,7.471731947538714,11.455482625327567,13.730009630667936,11.802183784179483,8.69550349441454,9.725818192236996,10.662348118869858,9.797270905911976,9.755644114921225,9.759776334776335,11.518431302304254,9.747192490545181,7.032182574528793,9.62889280211314,9.556612602661007,0.0,8.542004111980916,8.787423736107947,9.803081698666569,8.679935790731502,7.613982232815132,11.567951589811472,7.797438672438672,9.805188478553477,11.968253968253968,7.625396500014451,7.7090864455120585,8.850447349381252,9.718194679716419,9.834121290824369,9.617506511823674,10.483352032785175,9.559270435086153,8.73849848331648,7.683028948711206,8.854794846969524,7.677927250946119,7.641827860421333,9.106658312447784,9.80462364527055,9.642388430322121,9.87175463566657,8.678702337779418,10.557652979066022,11.593299339388587,9.707006282271621,9.740977506802315,8.677211712473365,7.696665125547743,11.729518457681952,9.830908346972176,8.670551363833862,9.642384731670447,8.845260533446119,9.722948433512599,8.680046602509847,7.804399585921325,9.566986132808918,9.658717713545403,9.652720298645775,11.572135697737991,9.84985882943715,8.623585858585859,10.636479565609477,10.274338788330876,7.485071541670074,10.382722278997273,9.496536841558235,11.237054204389487,9.873403499096117,8.729322586818927,9.678123543123544,12.442139518527373,11.825806679542136,7.6317574828673616,9.726824097887928,8.804576443872525,8.80885258639357,8.838076468247142,11.868125780165219,8.744188812723714,8.746271287716883,8.676448446707322,8.779527191319344,9.788282828282828,9.861624029893648,9.799290805673554,9.710610473697676,7.475118176148351,9.673734853884532,8.431117686098583,9.590858477778463,7.6698381412313354,9.744197357813999,9.789392950054715,9.829462294548849
7.944230769230769,12.686692905153906,12.847202724176409,12.859911158493247,8.85994623655914,12.808166127556806,12.89045709192768,12.671730081423576,6.882946718675963,10.695885834579627,8.701274124145622,7.9283750548967955,10.889422263131362,8.901211801896734,10.324174346827654,7.938888888888889,8.907127619888294,10.633879781420767,7.762622743110548,8.542004111980916,0.0,6.862855068265452,7.8863214179784915,6.88720634723858,8.776951345364846,12.675110323578693,8.852732929328674,10.809700257671008,9.888114938646854,8.853713856729566,8.862987494522534,6.828245684107753,10.770376302120724,8.893970189701898,7.8156250968112735,8.808185405441458,10.710834144029535,6.849961882980751,8.899380300065232,6.783858443345583,8.841647492171072,8.87404761904762,7.856002821626169,10.892534976617213,7.905735095504534,7.816705491533094,6.842025457595247,8.673647327249022,10.82526201888878,10.829252950669588,7.907741935483871,6.829984860529715,8.829518435360827,12.744803216461893,7.889251207729469,6.527747082796171,7.867698091382302,6.694512522665115,10.900323400323401,6.886677224739198,8.788839543914733,7.937647455342097,7.859808522627855,10.80479040608083,12.835046814877375,7.822998763811482,6.812072164288914,8.627409466711793,8.599878078321415,8.859185925394687,8.700706918593433,10.881765260682105,9.791636323297695,7.880691707235411,6.640070257611241,10.807296351540955,10.813599770740822,9.841504589630306,8.739174405394342,7.8833727344365645,6.850567229380789,6.864946299443805,6.9729874776386405,9.915060551583817,6.771849044307961,6.9625,6.891431444372621,6.832882990491686,7.906506090808416,7.857462537462537,7.789335611645738,7.8756850297869105,8.76589306859892,7.882474824672183,6.780501208829916,7.826135127009339,8.885183504402233,7.941925084048371,7.97,7.889469218562777
